---
Bedwarslobby:
  X: -240.6556
  "Y": 112
  Z: 50.5304
  Yaw: 89.37207
  Pitch: 62.539734
Lobby3:
  X: -66.8483
  "Y": 23.2289
  Z: -2.127
  Yaw: 1.70135498046875
  Pitch: 29.130661010742188
New World:
  X: 230.0532
  "Y": 68
  Z: 210.4555
  Yaw: 12.32672119140625
  Pitch: 34.18695068359375
world:
  X: 148.376
  "Y": 195
  Z: 247.0199
  Yaw: 182.2218017578125
  Pitch: 65.32823181152344
...
